      01  02  03  04  05  06  07  08  09  10  11  12  13  14  15  16  17  18  19  20  21  22  23  24  25  26  27  28  29  30  31  32  33  34  35  36  37  38  39  40  41  42  43  44  45  46  47  48  49  50  51  52  53  54  55  56  57  58  59  60  61  62  63  64  65  66  67  68  69  70  71  72  73  74  75  76  77  78  79  80  81  82  83  84  85  86  87  88  89  90  91  92  93  94  95  96  97  98  99
   +++++++++++++++++++++++++++++++++++++++++++++++++++++++++++++++++++++++++++++++++++++++++++++++++++++++++++++++++++++++++++++++++++++++++++++++++++++++++++++++++++++++++++++++++++++++++++++++++++++++++++++++++++++++++++++++++++++++++++++++++++++++++++++++++++++++++++++++++++++++++++++++++++++++++++++++++++++++++++++++++++++++++++++++++++++++++++++++++++++++++++++++++++++++++++++++++++++++++++++
 11|                                                                                                                                                                  40  40  40  40  40  40  40  40  40  40  40  40  40  40  40  40  40  40  40                                                                                                                                                                
 12|                                                                                                                                                      40  40  40  40  01  01  01  01  01  01  01  01  01  01  01  01  01  01  01  01  01  01  40  40  40  40                                                                                                                                                
 13|                                                                                                                                      40  40  40  40  01  01  01  01  01  01  01  01  01  01  01  01  01  01  01  01  01  01  01  01  01  01  01  01  01  07  40  40  40  40                                                                                                                                
 14|                                                                                                                          40  40  40  40  01  01  01  01  01  01  01  01  01  01  01  01  01  01  01  01  01  01  01  01  01  01  01  01  01  01  01  01  01  01  01  07  40  40  40                                                                                                                        
 15|                                                                                                                  40  40  40  01  01  01  01  01  01  01  01  01  01  01  01  01  01  01  01  01  01  01  01  01  01  01  01  01  01  01  01  01  01  01  01  01  01  01  01  01  40  40  40                                                                                                                
 16|                                                                                                              40  40  01  01  01  01  01  01  01  01  01  01  01  01  01  01  01  01  01  01  01  01  01  01  01  01  01  01  01  01  01  01  01  01  01  01  01  01  01  01  01  01  01  40  40                                                                                                            
 17|                                                                                                      40  40  40  01  01  01  01  01  01  01  01  01  01  01  07  01  01  01  01  01  01  01  01  01  01  01  01  01  01  01  01  01  01  01  01  01  01  01  01  01  01  01  01  01  01  01  40  40  40                                                                                                    
 18|                                                                                              40  40  40  01  01  01  01  01  01  01  01  01  01  01  01  01  01  01  01  01  01  01  01  01  01  01  01  01  01  01  01  01  01  01  01  01  01  01  01  01  01  01  01  01  01  01  01  01  01  01  40  40  40                                                                                            
 19|                                                                                          40  40  40  40  01  01  01  01  01  01  01  01  01  01  01  01  01  01  01  01  01  01  01  01  01  01  01  01  01  01  01  01  01  01  01  01  01  01  01  01  01  01  01  01  01  01  01  01  01  01  01  01  01  40  40  40                                                                                    
 20|                                                                                      40  40  40  40  40  01  01  01  01  01  01  01  01  01  01  01  01  01  01  01  01  01  01  01  01  01  01  01  01  01  01  01  01  01  01  01  01  01  01  01  01  01  01  01  01  01  01  01  01  01  01  01  01  01  01  40  40  40                                                                                
 21|                                                                              40  40  40  40  40  40  40  01  01  01  01  01  01  01  01  01  01  01  01  01  01  01  01  01  01  01  01  01  01  01  01  01  01  01  01  01  01  01  01  01  01  01  01  01  01  01  01  01  01  01  01  01  01  01  01  01  01  01  01  40  40                                                                            
 22|                                                                          40  40  40  40  40  40  40  40  08  01  01  01  01  01  01  01  01  01  01  01  01  01  01  01  01  01  01  01  01  01  01  01  01  01  01  01  01  01  01  01  01  01  01  01  01  01  01  01  01  01  01  01  01  01  01  01  01  01  01  01  01  07  40  40                                                                    
 23|                                                                      40  01  08  40  40  40  40  40  01  01  01  01  01  01  01  01  01  01  01  01  01  01  01  01  01  01  01  01  01  01  01  01  01  01  01  01  01  01  01  01  01  01  01  01  01  01  01  01  01  01  01  01  01  01  01  01  01  01  01  01  01  01  01  01  40  40                                                                
 24|                                                                  40  01  01  01  08  40  08  01  01  01  01  01  01  01  01  01  01  01  01  01  01  01  01  01  01  01  01  01  01  01  01  01  01  01  01  01  01  01  01  01  01  01  01  01  01  01  01  01  01  01  01  01  01  01  01  01  01  01  01  01  01  01  01  01  01  01  40  40                                                            
 25|                                                              40  07  01  01  01  01  01  01  01  01  01  01  01  01  01  01  01  01  01  01  01  01  01  01  01  01  01  01  01  01  01  01  01  01  01  01  01  01  01  01  01  01  01  01  01  01  01  01  01  01  01  01  01  01  01  01  01  01  01  01  01  01  01  01  01  01  01  01  40  40                                                        
 26|                                                          40  01  01  01  01  01  01  01  01  01  01  01  01  01  01  01  01  01  01  01  01  01  01  01  01  01  01  01  01  01  01  01  01  01  01  01  01  01  01  01  01  01  01  01  01  01  01  01  01  01  01  01  01  01  01  01  01  01  01  01  01  01  01  01  01  01  01  01  01  01  40  40                                                    
 27|                                                      40  01  01  07  08  08  07  07  01  01  01  08  07  01  01  01  01  01  01  01  01  01  01  01  01  01  01  01  01  01  01  01  01  01  01  01  01  01  01  01  01  01  01  01  01  01  01  01  01  01  01  01  01  01  01  01  01  01  01  01  01  01  01  01  01  01  01  01  01  01  01  01  40  40                                                
 28|                                                  40  01  01  01  01  08  07  08  08  07  08  07  08  07  01  01  01  01  01  01  01  01  01  01  01  01  01  01  01  01  01  01  01  01  01  01  01  01  01  01  01  01  01  01  01  01  01  01  01  01  01  01  01  01  01  01  01  01  01  01  01  01  01  01  01  01  01  01  01  01  01  01  01  01  40  40                                            
 29|                                              40  40  01  01  01  01  01  01  01  01  01  01  01  01  01  01  01  01  01  01  01  01  01  01  01  01  01  01  01  01  01  01  01  01  01  01  01  01  01  01  01  01  01  01  01  01  01  01  01  01  01  01  01  01  01  01  01  01  01  01  01  01  01  01  01  01  01  01  01  01  01  01  01  01  01  01  40                                            
 30|                                          40  40  01  01  01  01  01  01  01  01  01  01  01  01  01  01  01  01  01  01  01  01  01  01  01  01  01  01  01  01  01  01  01  01  01  01  01  01  01  01  01  01  01  01  01  01  01  01  01  01  01  01  01  01  01  01  01  01  01  01  01  01  01  01  01  01  01  01  01  01  01  01  01  01  01  01  01  40  40                                        
 31|                                          40  01  01  01  01  01  01  01  01  01  01  01  01  01  01  01  01  01  01  01  01  01  01  01  01  01  01  01  01  01  01  01  01  01  01  01  01  01  01  01  01  01  01  01  01  01  01  01  01  01  01  01  01  01  01  01  01  01  01  01  01  01  01  01  01  01  01  01  01  01  01  01  01  01  01  01  01  01  40  40                                    
 32|                                      40  01  01  01  01  01  01  01  01  01  01  01  01  01  01  01  01  01  01  01  01  01  01  01  01  01  01  01  01  01  01  01  01  01  01  01  01  01  01  01  01  01  01  01  01  01  01  01  01  01  01  01  01  01  01  01  01  01  01  01  01  01  01  01  01  01  01  01  01  01  01  01  01  01  01  01  01  01  01  01  40  40                                
 33|                                  40  40  01  01  01  01  01  01  01  01  01  01  01  01  01  01  01  01  01  01  01  01  01  01  01  01  01  01  01  01  01  01  01  01  01  01  01  01  01  01  01  01  01  01  01  01  01  01  01  01  01  01  01  01  01  01  01  01  01  01  01  01  01  01  01  01  01  01  01  01  01  01  01  01  01  01  01  01  01  01  01  07  40                                
 34|                                  40  01  01  01  01  01  01  01  01  01  01  01  01  01  01  01  01  01  01  01  01  01  01  01  01  01  01  01  01  01  01  01  01  01  01  01  01  01  01  01  01  01  01  01  01  01  01  01  01  01  01  01  01  01  01  01  01  01  01  01  01  01  01  01  01  01  01  01  01  01  01  01  01  01  01  01  01  01  01  01  01  01  40  40                            
 35|                              40  40  01  01  01  01  01  01  01  01  01  01  01  01  01  01  01  01  01  01  01  01  01  01  01  01  01  01  01  01  01  01  01  01  01  01  01  01  01  01  01  01  01  01  01  01  01  01  01  01  01  01  01  01  01  01  01  01  01  01  01  01  01  01  01  01  01  01  01  01  01  01  01  01  01  01  01  01  01  01  01  01  01  01  40                            
 36|                          40  40  01  01  01  01  01  01  01  01  01  01  01  01  01  01  01  01  01  01  01  01  01  01  01  01  01  01  01  01  01  01  01  01  01  01  01  01  01  01  01  01  01  01  01  01  01  01  01  01  01  01  01  01  01  01  01  01  01  01  01  01  01  01  01  01  01  01  01  01  01  01  01  01  01  01  01  01  01  01  01  01  01  01  01  40  40                        
 37|                          40  01  01  01  01  01  01  01  01  01  01  01  01  01  01  01  01  01  01  01  01  01  01  01  01  01  01  01  01  01  01  01  01  01  01  01  01  01  01  01  01  01  01  01  01  01  01  01  01  01  01  01  01  01  01  01  01  01  01  01  01  01  01  01  01  01  01  01  01  01  01  01  01  01  01  01  01  01  01  01  01  01  01  01  01  01  40  40                    
 38|                      40  40  01  01  01  01  01  01  01  01  01  01  01  01  01  01  01  01  01  01  01  01  01  01  01  01  01  01  01  01  01  01  01  01  01  01  01  01  01  01  01  01  01  01  01  01  01  01  01  01  01  01  01  01  01  01  01  01  01  01  01  01  01  01  01  01  01  01  01  01  01  01  01  01  01  01  01  01  01  01  01  01  01  01  01  01  01  07  40                    
 39|                      40  01  01  01  01  01  01  01  01  01  01  01  01  01  01  01  01  01  01  01  01  01  01  01  01  01  01  01  01  01  01  01  01  01  01  01  01  01  01  01  01  01  01  01  01  01  01  01  01  01  01  01  01  01  01  01  01  01  01  01  01  01  01  01  01  01  01  01  01  01  01  01  01  01  01  01  01  01  01  01  01  01  01  01  01  01  01  01  40                    
 40|                      40  01  08  01  01  01  01  01  01  01  01  01  01  01  01  01  01  01  01  01  01  01  01  01  01  01  01  01  01  01  01  01  01  01  01  01  01  01  01  01  01  01  01  01  01  01  01  01  01  01  01  01  01  01  01  01  01  01  01  01  01  01  01  01  01  01  01  01  01  01  01  01  01  01  01  01  01  01  01  01  01  01  01  01  01  01  01  01  40  40                
 41|                  40  01  01  01  01  01  01  01  01  01  01  01  01  01  01  01  01  01  01  01  01  01  01  01  01  01  01  01  01  01  01  01  01  01  01  01  01  01  01  01  01  01  01  01  01  01  01  01  01  01  01  01  01  01  01  01  01  01  01  01  01  01  01  01  01  01  01  01  01  01  01  01  01  01  01  01  01  01  01  01  01  01  01  01  01  01  01  01  01  01  40                
 42|                  40  08  01  01  01  01  01  01  01  01  01  01  01  01  01  01  01  01  01  01  01  01  01  01  01  01  01  01  01  01  01  01  01  01  01  01  01  01  01  01  01  01  01  01  01  01  01  01  01  01  01  01  01  01  01  01  01  01  01  01  01  01  01  01  01  01  01  01  01  01  01  01  01  01  01  01  01  01  01  01  01  01  01  01  01  01  01  01  01  01  40  40            
 43|                  40  01  01  01  01  01  01  01  01  01  01  01  01  01  01  01  01  01  01  01  01  01  01  01  01  01  01  01  01  01  01  01  01  01  01  01  01  01  01  01  01  01  01  01  01  01  01  01  01  01  01  01  01  01  01  01  01  01  01  01  01  01  01  01  01  01  01  01  01  01  01  01  01  01  01  01  01  01  01  01  01  01  01  01  01  01  01  01  01  01  01  40            
 44|                  40  01  01  01  01  01  01  01  01  01  01  01  01  01  01  01  01  01  01  01  01  01  01  01  01  01  01  01  01  01  01  01  01  01  01  01  01  01  01  01  01  01  01  01  01  01  01  01  01  01  01  01  01  01  01  01  01  01  01  01  01  01  01  01  01  01  01  01  01  01  01  01  01  01  01  01  01  01  01  01  01  01  01  01  01  01  01  01  01  01  01  40  40        
 45|                  40  01  01  01  01  01  01  01  01  01  01  01  01  01  01  01  01  01  01  01  01  01  01  01  01  01  01  01  01  01  01  01  01  01  01  01  01  01  01  01  01  01  01  01  01  01  01  01  01  01  01  01  01  01  01  01  01  01  01  01  01  01  01  01  01  01  01  01  01  01  01  01  01  01  01  01  01  01  01  01  01  01  01  01  01  01  01  01  01  01  01  07  40        
 46|                  40  01  01  01  01  01  01  01  01  01  01  01  01  01  01  01  01  01  01  01  01  01  01  01  01  01  01  01  01  01  01  01  01  01  01  01  01  01  01  01  01  01  01  01  01  01  01  01  01  01  01  01  01  01  01  01  01  01  01  01  01  01  01  01  01  01  01  01  01  01  01  01  01  01  01  01  01  01  01  01  01  01  01  01  01  01  01  01  01  01  01  01  40        
 47|                  40  01  01  01  01  01  01  01  01  01  01  01  01  01  01  01  01  01  01  01  01  01  01  01  01  01  01  01  01  01  01  01  01  01  01  01  01  01  01  01  01  01  01  01  01  01  01  01  01  01  01  01  01  01  01  01  01  01  01  01  01  01  01  01  01  01  01  01  01  01  01  01  01  01  01  01  01  01  01  01  01  01  01  01  01  01  01  01  01  01  01  01  40        
 48|                  40  01  01  01  01  01  01  01  01  01  01  01  01  01  01  01  01  01  01  01  01  01  01  01  01  01  01  01  01  01  01  01  01  01  01  01  01  01  01  01  01  01  01  01  01  01  01  01  01  01  01  01  01  01  01  01  01  01  01  01  01  01  01  01  01  01  01  01  01  01  01  01  01  01  01  01  01  01  01  01  01  01  01  01  01  01  01  01  01  01  01  01  40  40    
 49|                  40  01  01  01  01  01  01  01  01  01  01  01  01  01  01  01  01  01  01  01  01  01  01  01  01  01  01  01  01  01  01  01  01  01  01  01  01  01  01  01  01  01  01  01  01  01  01  01  01  01  01  01  01  01  01  01  01  01  01  01  01  01  01  01  01  01  01  01  01  01  01  01  01  01  01  01  01  01  01  01  01  01  01  01  01  01  01  01  01  01  01  01  01  40    
 50|                  40  01  01  01  01  01  01  01  01  01  01  01  01  01  01  01  01  01  01  01  01  01  01  01  01  01  01  01  01  01  01  01  01  01  01  01  01  01  01  01  01  01  01  01  01  01  01  01  01  01  01  01  01  01  01  01  01  01  01  01  01  01  01  01  01  01  01  01  01  01  01  01  01  01  01  01  01  01  01  01  01  01  01  01  01  01  01  01  01  01  01  01  01  40    
 51|                  40  01  01  01  01  01  01  01  01  01  01  01  01  01  01  01  01  01  01  01  01  01  01  01  01  01  01  01  01  01  01  01  01  01  01  01  01  01  01  01  01  01  01  01  01  01  01  01  01  01  01  01  01  01  01  01  01  01  01  01  01  01  01  01  01  01  01  01  01  01  01  01  01  01  01  01  01  01  01  01  01  01  01  01  01  01  01  01  01  01  01  01  01  40    
 52|                  40  01  01  01  01  01  01  01  01  01  01  01  01  01  01  01  01  01  01  01  01  01  01  01  01  01  01  01  01  01  01  01  01  01  01  01  01  01  01  01  01  01  01  01  01  01  01  01  01  01  01  01  01  01  01  01  01  01  01  01  01  01  01  01  01  01  01  01  01  01  01  01  01  01  01  01  01  01  01  01  01  01  01  01  01  01  01  01  01  01  01  01  01  40  40
 53|                  40  01  01  01  01  01  01  01  01  01  01  01  01  01  01  01  01  01  01  01  01  01  01  01  01  01  01  01  01  01  01  01  01  01  01  01  01  01  01  01  01  01  01  01  01  01  01  01  01  01  01  01  01  01  01  01  01  01  01  01  01  01  01  01  01  01  01  01  01  01  01  01  01  01  01  01  01  01  01  01  01  01  01  01  01  01  01  01  01  01  01  01  01  08  40
 54|                  40  01  01  01  01  01  01  01  01  01  01  01  01  01  01  01  01  01  01  01  01  01  01  01  01  01  01  01  01  01  01  01  01  01  01  01  01  01  01  01  01  01  01  01  01  01  01  01  01  01  01  01  01  01  01  01  01  01  01  01  01  01  01  01  01  01  01  01  01  01  01  01  01  01  01  01  01  01  01  01  01  01  01  01  01  01  01  01  01  01  01  01  01  08  40
 55|                  40  01  01  01  01  01  01  01  01  01  01  01  01  01  01  01  01  01  01  01  01  01  01  01  01  01  01  01  01  01  01  01  01  01  01  01  01  01  01  01  01  01  01  01  01  01  01  01  01  01  01  01  01  01  01  01  01  01  01  01  01  01  01  01  01  01  01  01  01  01  01  01  01  01  01  01  01  01  01  01  01  01  01  01  01  01  01  01  01  01  01  01  01  08  40
 56|                  40  01  01  01  01  01  01  01  01  01  01  01  01  01  01  01  01  01  01  01  01  01  01  01  01  01  01  01  01  01  01  01  01  01  01  01  01  01  01  01  01  01  01  01  01  01  01  01  01  01  01  01  01  01  01  01  01  01  01  01  01  01  01  01  01  01  01  01  01  01  01  01  01  01  01  01  01  01  01  01  01  01  01  01  01  01  01  01  01  01  01  01  01  07  40
 57|                  40  01  01  01  01  01  01  01  01  01  01  01  01  01  01  01  01  01  01  01  01  01  01  01  01  01  01  01  01  01  01  01  01  01  01  01  01  01  01  01  01  01  01  01  01  01  01  01  01  01  01  01  01  01  01  01  01  01  01  01  01  01  01  01  01  01  01  01  01  01  01  01  01  01  01  01  01  01  01  01  01  01  01  01  01  01  01  01  01  01  01  01  01  07  40
 58|                  40  01  01  01  01  01  01  01  01  01  01  01  01  01  01  01  01  01  01  01  01  01  01  01  01  01  01  01  01  01  01  01  01  01  01  01  01  01  01  01  01  01  01  01  01  01  01  01  01  01  01  01  01  01  01  01  01  01  01  01  01  01  01  01  01  01  01  01  01  01  01  01  01  01  01  01  01  01  01  01  01  01  01  01  01  01  01  01  01  01  01  01  01  07  40
 59|                  40  01  01  01  01  01  01  01  01  01  01  01  01  01  01  01  01  01  01  01  01  01  01  01  01  01  01  01  01  01  01  01  01  01  01  01  01  01  01  01  01  01  01  01  01  01  01  01  01  01  01  01  01  01  01  01  01  01  01  01  01  01  01  01  01  01  01  01  01  01  01  01  01  01  01  01  01  01  01  01  01  01  01  01  01  01  01  01  01  01  01  01  01  08  40
 60|                  40  01  01  01  01  01  01  01  01  01  01  01  01  01  01  01  01  01  01  01  01  01  01  01  01  01  01  01  01  01  01  01  01  01  01  01  01  01  01  01  01  01  01  01  01  01  01  01  01  01  01  01  01  01  01  01  01  01  01  01  01  01  01  01  01  01  01  01  01  01  01  01  01  01  01  01  01  01  01  01  01  01  01  01  01  01  01  01  01  01  01  01  01  01  40
 61|                  40  01  01  01  01  01  01  01  01  01  01  01  01  01  01  01  01  01  01  01  01  01  01  01  01  01  01  01  01  01  01  01  01  01  01  01  01  01  01  01  01  01  01  01  01  01  01  01  01  01  01  01  01  01  01  01  01  01  01  01  01  01  01  01  01  01  01  01  08  01  01  01  01  01  01  01  01  01  01  01  01  01  01  01  01  01  01  01  01  01  01  01  01  01  40
 62|                  40  01  01  01  01  01  01  01  01  01  01  01  01  01  01  01  01  01  01  01  01  01  01  01  01  01  01  01  01  01  01  01  01  01  01  01  01  01  01  01  01  01  01  01  01  01  01  01  01  01  01  01  01  01  01  01  01  01  01  01  01  01  01  01  01  01  01  01  01  01  01  01  01  01  01  01  01  01  01  01  01  01  01  01  01  01  01  01  01  01  01  01  01  01  40
 63|                  40  01  01  01  01  01  01  01  01  01  01  01  01  01  01  01  01  01  01  01  01  01  01  01  01  01  01  01  01  01  01  01  01  01  01  01  01  01  01  01  01  01  01  01  01  01  01  01  01  01  01  01  01  01  01  01  08  01  07  01  01  01  01  01  01  01  01  01  01  01  01  01  01  01  01  01  01  01  01  01  01  01  01  01  01  01  01  01  01  01  01  01  01  01  40
 64|                  40  01  01  01  01  01  01  01  01  01  01  01  01  01  01  01  01  01  01  01  01  01  01  01  01  01  01  01  01  01  01  01  01  01  01  01  01  01  01  01  01  01  01  01  01  01  01  01  01  01  01  01  01  01  01  01  01  01  01  01  01  01  01  01  01  01  01  01  01  01  01  01  01  01  01  01  01  01  01  01  01  01  01  01  01  01  01  01  01  01  01  01  01  01  40
 65|                  40  01  01  01  01  01  01  01  01  01  01  01  01  01  01  01  01  01  01  01  01  01  01  01  01  01  01  01  01  01  01  01  01  01  01  01  01  01  01  01  01  01  01  01  01  01  01  01  01  01  01  01  01  01  01  01  01  01  01  01  01  01  01  01  01  01  01  01  01  01  01  01  01  01  01  01  01  01  01  01  01  01  01  01  01  01  01  01  01  01  01  01  01  01  40
 66|                  40  01  01  01  01  01  01  01  01  01  01  01  01  01  01  01  01  01  01  01  01  01  01  01  01  01  01  01  01  01  01  01  01  01  01  01  01  01  01  01  01  01  01  01  01  01  01  01  01  01  01  01  01  01  01  01  01  01  01  01  01  01  01  01  01  01  01  01  01  01  01  01  01  01  01  01  01  01  01  01  01  01  01  01  01  01  01  01  01  01  01  01  01  01  40
 67|                  40  01  01  01  01  01  01  01  01  01  01  01  01  01  01  01  01  01  01  01  01  01  01  01  01  01  01  01  01  01  01  01  01  01  01  01  01  01  01  01  01  01  01  01  01  01  01  01  01  01  01  01  01  01  01  01  01  01  01  01  01  01  01  01  01  01  01  01  01  01  01  01  01  01  01  01  01  01  01  01  01  01  01  01  01  01  01  01  01  01  01  01  01  01  40
 68|                  40  01  01  01  01  01  01  01  01  01  01  01  01  01  01  01  01  01  01  01  01  01  01  01  01  01  01  01  01  01  01  01  01  01  01  01  01  01  01  01  01  01  01  01  01  01  01  01  01  01  01  01  01  01  01  01  01  01  01  01  01  01  01  01  01  01  01  01  01  01  01  01  01  01  01  01  01  01  01  01  01  01  01  01  01  01  01  01  01  01  01  01  01  01  40
 69|                  40  01  01  01  01  01  01  01  01  01  01  01  01  01  01  01  01  01  01  01  01  01  01  01  01  01  01  01  01  01  01  01  01  01  01  01  01  01  01  01  01  01  01  01  01  01  01  01  01  01  01  01  01  01  01  01  01  01  01  01  01  01  01  01  01  01  01  01  01  01  01  01  01  01  01  01  01  01  01  01  01  01  01  01  01  01  01  01  01  01  01  01  01  01  40
 70|                  40  01  01  01  01  01  01  01  01  01  01  01  01  01  01  01  01  01  01  01  01  01  01  01  01  01  01  01  01  01  01  01  01  01  01  01  01  01  01  01  01  01  01  01  01  01  01  01  01  01  01  01  01  01  01  01  01  01  01  01  01  01  01  01  01  01  01  01  01  01  01  01  01  01  01  01  01  01  01  01  01  01  01  01  01  01  01  01  01  01  01  01  01  01  40
 71|                  40  01  01  01  01  01  01  01  01  01  01  01  01  01  01  01  01  01  01  01  01  01  01  01  01  01  01  01  01  01  01  01  01  01  01  01  01  01  01  01  01  01  01  01  01  01  01  01  01  01  01  01  01  01  01  01  01  01  01  01  01  01  01  01  01  01  01  01  01  01  01  01  01  01  01  01  01  01  01  01  01  01  01  01  01  01  01  01  01  01  01  01  01  40  40
 72|                  40  01  01  01  01  01  01  01  01  01  01  01  01  01  01  01  01  01  01  01  01  01  01  01  01  01  01  01  01  01  01  01  01  01  01  01  01  01  01  01  01  01  01  01  01  01  01  01  01  01  01  01  01  01  01  01  01  01  01  01  01  01  01  01  01  01  01  01  01  01  01  01  01  01  01  01  01  01  01  01  01  01  01  01  01  01  01  01  01  01  01  01  01  40    
 73|                  40  01  01  01  01  01  01  01  01  01  01  01  01  01  01  01  01  01  01  01  01  01  01  01  01  01  01  01  01  01  01  01  01  01  01  01  01  01  01  01  01  01  01  01  01  01  01  01  01  01  01  01  01  01  01  01  01  01  01  01  01  01  01  01  01  01  01  01  01  01  01  01  01  01  01  01  01  01  01  01  01  01  01  01  01  01  01  01  01  01  01  01  01  40    
 74|                  40  01  01  01  01  01  01  01  01  01  01  01  01  01  01  01  01  01  01  01  01  01  01  01  01  01  01  01  01  01  01  01  01  01  01  01  01  01  01  01  01  01  01  01  01  01  01  01  01  01  01  01  01  01  01  01  01  01  01  01  01  01  01  01  01  01  01  01  01  01  01  01  01  01  01  01  01  01  01  01  01  01  01  01  01  01  01  01  01  01  01  01  01  40    
 75|                  40  01  01  01  01  01  01  01  01  01  01  01  01  01  01  01  01  01  01  01  01  01  01  01  01  01  01  01  01  01  01  01  01  01  01  01  01  01  01  01  01  01  01  01  01  01  01  01  01  01  01  01  01  01  01  01  01  01  01  01  01  01  01  01  01  01  01  01  01  01  01  01  01  01  01  01  01  01  01  01  01  01  01  01  01  01  01  01  01  01  01  01  40  40    
 76|                  40  01  01  01  01  01  01  01  01  01  01  01  01  01  01  01  01  01  01  01  01  01  01  01  01  01  01  01  01  01  01  01  01  01  01  01  01  01  01  01  01  01  01  01  01  01  01  01  01  01  01  01  01  01  01  01  01  01  01  01  01  01  01  01  01  01  01  01  01  01  01  01  01  01  01  01  01  01  01  01  01  01  01  01  01  01  01  01  01  01  01  01  40        
 77|                  40  01  01  01  01  01  01  01  01  01  01  01  01  01  01  01  01  01  01  01  01  01  01  01  01  01  01  01  01  01  01  01  01  01  01  01  01  01  01  01  01  01  01  01  01  01  01  01  01  01  01  01  01  01  01  01  01  01  01  01  01  01  01  01  01  01  01  01  01  01  01  01  01  01  01  01  01  01  01  01  01  01  01  01  01  01  01  01  01  01  01  01  40        
 78|                  40  01  01  01  01  01  01  01  01  01  01  01  01  01  01  01  01  01  01  01  01  01  01  01  01  01  01  01  01  01  01  01  01  01  01  01  01  01  01  01  01  01  01  01  01  01  01  01  01  01  01  01  01  01  01  01  01  01  01  01  01  01  01  01  01  01  01  01  01  01  01  01  01  01  01  01  01  01  01  01  01  01  01  01  01  01  01  01  01  01  01  01  40        
 79|                  40  01  01  01  01  01  01  01  01  01  01  01  01  01  01  01  07  01  01  01  01  01  01  01  01  01  01  01  01  01  01  01  01  01  01  01  01  01  01  01  01  01  01  01  01  01  01  01  01  01  01  01  01  01  01  01  01  01  01  01  01  01  01  01  01  01  01  01  01  01  01  01  01  01  01  01  01  01  01  01  01  01  01  01  01  01  01  01  01  01  01  40            
 80|                  40  01  01  01  01  01  01  01  01  01  01  01  01  01  01  01  01  01  01  01  01  01  01  01  01  01  01  01  01  01  01  01  01  01  01  01  01  01  01  01  01  01  01  01  01  01  01  01  01  01  01  01  01  01  01  01  01  01  01  01  01  01  01  01  01  01  01  01  01  01  01  01  01  01  01  01  01  01  01  01  01  01  01  01  01  01  01  01  01  01  01  40            
 81|                  40  01  01  01  01  01  01  01  01  01  01  01  01  01  01  01  01  01  01  01  01  01  01  01  01  01  01  01  01  01  01  01  01  01  01  01  01  01  01  01  01  01  01  01  01  01  01  01  01  01  01  01  01  01  01  01  01  01  01  01  01  01  01  01  01  01  01  01  01  01  01  01  01  01  01  01  01  01  01  01  01  01  01  01  01  01  01  01  01  01  40  40            
 82|                  40  01  01  01  01  01  01  01  01  01  01  01  01  01  01  01  01  01  01  01  01  01  01  01  01  01  01  01  01  01  01  01  01  01  01  01  01  01  01  01  01  01  01  01  01  01  01  01  01  01  01  01  01  01  01  01  01  01  01  01  01  01  01  01  01  01  01  01  01  01  01  01  01  01  01  01  01  01  01  01  01  01  01  01  01  01  01  01  01  01  40                
 83|                      40  01  01  01  01  01  01  01  01  01  01  01  01  01  01  01  01  01  01  01  01  01  01  01  01  01  01  01  01  01  01  01  01  01  01  01  01  01  01  01  01  01  01  01  01  01  01  01  01  01  01  01  01  01  01  01  01  01  01  01  01  01  01  01  01  01  01  01  01  01  01  01  01  01  01  01  01  01  08  01  01  01  01  01  01  01  01  01  01  40                
 84|                      40  01  01  01  01  01  01  01  01  01  01  01  01  01  01  01  01  01  01  01  01  01  01  01  01  01  01  01  01  01  01  01  01  01  01  01  01  01  01  01  01  01  01  01  01  01  01  01  01  01  01  01  01  01  01  01  01  01  01  01  01  01  01  01  01  01  01  01  01  01  01  01  01  01  01  01  01  01  01  01  07  01  01  01  01  01  01  01  40                    
 85|                      40  40  01  01  01  01  01  01  01  01  01  01  01  01  01  01  01  01  01  01  01  01  01  01  01  01  01  01  01  01  01  01  01  01  01  01  01  01  01  01  01  01  01  01  01  01  01  01  01  01  01  01  01  01  01  01  01  01  01  01  01  01  01  01  01  01  01  01  01  01  01  01  01  01  01  01  01  01  01  01  01  01  01  01  01  01  01  01  40                    
 86|                          40  01  01  01  01  01  01  01  01  01  01  01  01  01  01  01  01  01  01  01  07  01  01  01  01  01  01  01  01  01  01  01  01  01  01  01  01  01  01  01  01  01  01  01  01  01  01  01  01  01  01  01  01  01  01  01  01  01  01  01  01  01  01  01  01  01  01  01  01  01  01  01  01  01  01  01  01  01  01  01  01  01  01  01  01  01  40                        
 87|                          40  40  01  01  01  01  01  01  01  01  01  01  01  01  01  01  01  01  01  01  01  01  01  01  01  01  01  01  01  01  01  01  01  01  01  01  01  01  01  01  01  01  01  01  01  01  01  01  01  01  01  01  01  01  01  01  01  01  01  01  01  01  01  01  01  01  01  01  01  01  01  01  01  01  01  01  01  01  01  01  01  01  01  01  01  40  40                        
 88|                              40  08  01  01  01  01  01  01  01  01  01  01  01  01  01  01  01  01  01  01  01  01  01  01  01  01  01  01  01  01  01  01  01  01  01  01  01  01  01  01  01  01  01  01  01  01  01  01  01  01  01  01  01  01  01  01  01  01  01  01  01  01  01  01  01  01  01  01  01  01  01  01  01  01  01  01  01  01  01  01  01  01  01  01  40                            
 89|                                  40  08  01  01  01  01  07  01  01  01  01  01  01  01  01  01  01  01  01  01  01  01  01  01  01  01  01  01  01  01  01  01  01  01  01  01  01  01  01  01  01  01  01  01  01  01  01  01  01  01  01  01  01  01  01  01  01  01  01  01  01  01  01  01  01  01  01  01  01  01  01  01  01  01  01  01  01  01  01  01  01  01  40  40                            
 90|                                  40  40  01  08  01  01  01  01  01  01  01  01  01  01  01  01  01  01  01  01  01  01  01  01  01  01  01  01  01  01  01  01  01  01  01  01  01  01  01  01  01  01  01  01  01  01  01  01  01  01  01  01  01  01  01  01  01  01  01  01  01  01  01  01  01  01  01  01  01  01  01  01  01  01  01  01  01  01  01  01  01  01  40                                
 91|                                      40  08  01  01  01  01  01  01  01  01  01  01  01  01  01  01  01  01  01  01  01  01  01  01  01  01  01  01  01  01  01  01  01  01  01  01  01  01  01  01  01  01  01  01  01  01  01  01  01  01  01  01  01  01  01  01  01  01  01  01  01  01  01  01  01  01  01  01  01  01  01  01  01  01  01  01  01  01  01  01  40                                    
 92|                                      40  40  08  08  08  08  08  08  08  08  01  01  01  01  01  01  01  01  01  01  01  01  01  01  01  01  01  01  01  01  01  01  01  01  01  01  01  01  01  01  01  01  01  01  01  01  01  01  01  01  01  01  01  01  01  01  01  01  01  01  01  01  01  01  01  01  01  01  01  01  01  01  01  01  01  01  01  01  01  40  40                                    
 93|                                          40  40  08  08  08  08  08  01  08  01  01  01  01  01  01  01  01  01  01  01  01  01  01  01  01  01  01  01  01  01  01  01  01  01  01  01  01  01  01  01  01  01  01  01  01  01  01  01  01  01  01  01  01  01  01  01  01  01  01  01  01  01  01  01  01  01  01  01  01  01  01  01  01  01  01  01  01  40  40                                        
 94|                                              40  40  08  08  08  08  08  08  08  08  08  08  01  08  01  01  08  08  01  01  01  01  01  01  01  01  01  01  01  01  01  01  01  01  01  01  01  01  01  01  01  01  01  01  01  01  01  01  01  01  01  01  01  01  01  01  01  01  01  01  01  01  01  01  01  01  01  01  01  01  01  01  01  01  01  01  40                                            
 95|                                                  40  08  08  08  08  08  08  08  08  01  01  01  01  01  01  01  01  01  01  01  01  01  01  01  01  01  01  01  01  01  01  01  01  01  01  01  01  01  01  01  01  01  01  01  01  01  01  01  01  01  01  01  01  01  01  01  01  01  01  01  01  01  01  01  01  01  01  01  01  01  01  01  01  01  40                                                
 96|                                                      40  08  08  08  08  08  08  08  08  01  01  01  01  01  01  01  01  01  01  01  01  01  01  01  01  01  01  01  01  01  01  01  01  01  01  01  01  01  01  01  01  01  01  01  01  01  01  01  01  01  01  01  01  01  01  01  01  01  01  01  01  01  01  01  01  01  01  01  01  01  01  01  40  40                                                
 97|                                                          40  08  08  08  08  08  08  08  08  08  08  01  08  01  01  01  01  01  01  07  01  01  01  01  01  01  01  01  01  01  01  01  01  01  01  01  01  01  01  01  01  01  01  01  01  01  01  07  01  01  01  01  01  01  01  01  01  01  01  01  01  01  01  01  01  01  01  01  01  01  40  40                                                    
 98|                                                          40  40  01  01  01  01  08  08  08  08  08  08  08  08  07  07  01  07  07  01  01  01  01  01  01  01  01  01  01  01  01  01  01  01  01  01  01  01  01  01  01  01  01  01  01  01  01  01  01  01  01  01  01  01  01  01  01  01  01  01  01  01  01  01  01  01  01  01  01  40  40                                                        
 99|                                                              40  40  01  01  01  01  01  01  01  01  01  01  01  01  01  01  01  01  01  01  01  01  01  01  01  01  01  01  01  01  01  01  01  01  01  01  01  01  01  01  01  01  01  01  01  01  01  01  01  01  01  01  01  01  01  01  01  01  01  01  07  08  40  08  01  01  01  40  40                                                            
100|                                                                  40  40  01  01  01  01  01  01  01  01  01  01  01  01  01  01  01  01  01  01  01  01  01  01  01  01  01  01  01  01  01  01  01  01  01  01  01  01  01  01  01  01  01  01  01  01  01  01  01  01  01  01  01  01  01  01  01  01  08  40  40  40  40  08  01  40  40                                                                
101|                                                                          40  40  01  01  01  01  01  01  01  01  01  01  01  01  01  01  01  01  01  01  01  01  01  01  01  01  01  01  01  01  01  01  01  01  01  01  01  01  01  01  01  01  01  01  01  01  01  01  01  01  01  01  01  08  08  08  40  40  40  40  40  40  40  40                                                                    
102|                                                                              40  40  01  01  01  01  01  01  01  01  01  01  01  01  01  01  01  01  01  01  01  01  01  01  01  01  01  01  01  01  01  01  01  01  01  01  01  01  01  01  01  01  01  01  01  01  01  01  01  01  01  01  01  01  40  40  40  40  40  40  40  40                                                                        
103|                                                                                  40  40  01  01  01  01  01  01  01  01  01  01  01  01  01  01  01  01  01  01  01  01  01  01  01  01  01  01  01  01  01  01  01  01  01  01  01  01  01  01  01  01  01  01  01  01  01  01  01  01  01  01  01  40  40  40  40  40  40                                                                                
104|                                                                                      40  40  40  01  01  01  01  01  01  01  01  01  01  01  01  01  01  01  01  01  01  01  01  01  01  01  01  01  01  01  01  01  01  01  01  01  01  01  01  01  01  01  01  01  01  01  01  01  01  01  01  01  40  40  40  40  40                                                                                    
105|                                                                                              40  40  01  01  01  01  01  01  01  01  01  01  01  01  01  01  01  01  01  01  01  01  01  01  01  01  01  01  01  01  01  01  01  01  01  01  01  01  01  01  01  01  01  01  01  01  01  01  01  01  40  40  40                                                                                            
106|                                                                                                  40  40  40  01  01  01  01  01  01  01  01  01  01  01  01  01  01  01  01  01  01  01  01  01  01  01  01  01  01  01  01  01  01  01  01  01  01  01  01  01  01  01  01  01  01  01  01  40  40  40                                                                                                    
107|                                                                                                          40  40  40  01  01  01  01  01  01  01  01  01  01  01  01  01  01  01  01  01  01  01  01  01  01  01  01  01  01  01  01  01  01  01  01  01  01  01  01  01  01  01  01  01  40  40                                                                                                            
108|                                                                                                                  40  40  40  01  01  01  01  01  01  01  01  01  01  01  01  01  01  01  01  01  01  01  01  01  01  01  01  01  01  01  01  01  01  01  01  01  01  01  01  01  40  40  40                                                                                                                
109|                                                                                                                          40  40  40  01  01  01  01  01  01  01  01  01  01  01  01  01  01  01  01  01  01  01  01  01  01  01  01  01  01  01  01  01  01  01  01  01  40  40  40                                                                                                                        
110|                                                                                                                                      40  40  40  01  01  01  01  01  01  01  01  01  01  01  01  01  01  01  01  01  01  01  01  01  01  01  01  01  01  01  40  40  40  40                                                                                                                                
111|                                                                                                                                              40  40  40  40  40  01  01  01  01  01  01  01  01  01  01  01  01  01  01  01  01  01  01  01  40  40  40  40  40                                                                                                                                            
112|                                                                                                                                                                  40  40  40  40  40  40  40  40  40  40  40  40  40  40  40  40  40  40  40  40                                                                                                                                                            


============ Wafer Information () ===========
  Device:PT4304+01SBG
  Lot NO:C0PU74  00
  Slot No:01 
  Wafer ID:C0PU74  00+01
  Operator:CP
  Wafer Size:200 Inch
  Flat Dir:270  Degree (Left) Degree
  Wafer Test Start Time:2201001422301
  Wafer Test Finish Time:220100142238
  Wafer Load Time:220100142230
  Wafer Unload Time:220100142238
  Total test die:75017
  Pass Die:7392
  Fail Die:0125
  Yield:98  34%

